MAE: 239477.0900945201
RMSE: 300088.86416835716
R2: 0.21380859765866966
MAPE: 0.25508970454886487
