MAE: 239477.0900945201
RMSE: 300088.8641683572
R2: 0.21380859765866944
MAPE: 0.2550897045488649
